_8
16-10-2018/13:08
52.3
0.02563
1036.3
-0.39633850	8.21252373
-0.39450360	8.21008426
-0.37982440	8.21435333
-0.37126153	8.20429054
-0.35902886	8.20916947
-0.35107763	8.20307080
-0.33639842	8.20794973
-0.32783555	8.20215601
-0.31315635	8.20307080
-0.30581675	8.20246094
-0.28991428	8.20154614
-0.28196304	8.20185107
-0.26789547	8.20398560
-0.26300240	8.19605734
-0.25199300	8.20246094
-0.24098360	8.19636228
-0.23119746	8.19392281
-0.21835316	8.19758201
-0.20428559	8.19453268
-0.19449945	8.18934882
-0.19144128	8.19453268
-0.18410168	8.19422775
-0.16758758	8.18629949
-0.15841308	8.19148335
-0.14801531	8.18629949
-0.13700590	8.19392281
-0.13027793	8.19056855
-0.11315220	8.18507975
-0.10030789	8.18873895
-0.09357992	8.18812908
-0.08624032	8.18599455
-0.07278439	8.18568962
-0.05994008	8.18599455
-0.05137721	8.17989589
-0.03853291	8.18081069
-0.02324207	8.18782415
-0.02263044	8.17837123
-0.00978614	8.17745643
0.00061163	8.17837123
0.01406757	8.17837123
0.02201881	8.17928603
0.03547474	8.17623670
0.04097944	8.17440710
0.05260048	8.17196763
0.06116335	8.17959096
0.07278439	8.17532190
0.08746359	8.17532190
0.09541483	8.17135777
0.11621036	8.17471203
0.12354997	8.16800350
0.12905467	8.16830844
0.14006407	8.16922324
0.15229674	8.16708870
0.16269451	8.16342951
0.17492718	8.15855058
0.17920861	8.16007524
0.18899475	8.15855058
0.20245069	8.15397658
0.21223682	8.15397658
0.22446949	8.14970752
0.22997419	8.14452366
0.24893483	8.14482859
0.24954647	8.13507073
0.26483730	8.13720526
0.27034200	8.13354607
0.28073977	8.12470301
0.29480734	8.11585995
0.30214695	8.10640703
0.30581675	8.11159089
0.31927268	8.09481957
0.33272862	8.08292718
0.33456352	8.07408412
0.34863109	8.06676573
0.35597069	8.05029934
0.36147540	8.03322309
0.36820336	8.02255044
0.37737787	7.99998539
0.38104767	7.98107954
0.39328034	7.95577010
0.39450360	7.93564452
0.39939667	7.91124987
0.40551301	7.88777003
0.41224098	7.85971618
0.41713404	7.82312422
0.41958058	7.79568024
0.42508528	7.76061294
0.42692018	7.72798511
0.43242488	7.69291780
0.43731795	7.66150970
0.43915285	7.62278320
0.44710408	7.56149166
0.45138552	7.52642436
0.45077389	7.48525839
0.45199715	7.44134803
0.45383205	7.39804754
0.45322042	7.35413718
0.45933675	7.31266628
0.46056002	7.26936579
0.46361819	7.22576036
0.46667636	7.18306974
0.46912289	7.13976924
0.46361819	7.08671089
0.47034616	7.04798439
0.47646249	7.00468390
0.46545309	6.95985874
0.47523923	6.91716811
0.47768576	6.86441469
0.47095779	6.81196621
0.48013229	6.76317692
0.48135556	6.71743696
0.47952066	6.67169700
0.48441373	6.60552653
0.48441373	6.55246818
0.49236496	6.50642329
0.49236496	6.45885373
0.48441373	6.41067431
0.49725803	6.36340969
0.49725803	6.32193879
0.49358823	6.26735577
0.50276273	6.22009115
0.49419986	6.16764267
0.49358823	6.12312244
0.49297660	6.06945422
0.49542313	6.02523893
0.49909293	5.98010884
0.50153947	5.92674555
0.49725803	5.87948093
0.50704417	5.82886204
0.49970457	5.77793822
0.50276273	5.73036866
0.50092783	5.68066458
0.50459763	5.63522955
0.50582090	5.56235055
0.50765580	5.50593794
0.50398600	5.45653878
0.50765580	5.41079882
0.50887907	5.35957007
0.50643253	5.31078078
0.51438377	5.25985696
0.50704417	5.21106767
0.51683030	5.16166852
0.51988847	5.11775816
0.51744194	5.06927380
0.51560704	5.01804505
0.51683030	4.96681630
0.51988847	4.90765928
0.51560704	4.86710319
0.51927684	4.81465470
0.52111174	4.76220622
0.51560704	4.70914787
0.51988847	4.65730925
0.51683030	4.60821502
0.52111174	4.56095040
0.51621867	4.48959607
0.51927684	4.43867225
0.51621867	4.38652869
0.52967461	4.33499501
0.52355827	4.27766759
0.52906297	4.23497697
0.52233500	4.18130875
0.53028624	4.13221453
0.52722807	4.07732658
0.52722807	4.02457316
0.52783971	3.98096773
0.53273277	3.93065378
0.53150951	3.88430395
0.52783971	3.83063574
0.52539317	3.77513792
0.53028624	3.71781051
0.53028624	3.66719162
0.53334441	3.61291353
0.53395604	3.57266237
0.53640258	3.51838429
0.53456767	3.45922727
0.53212114	3.38421374
0.53212114	3.33328992
0.53823748	3.28297597
0.53640258	3.23083242
0.54557708	3.18509246
0.53823748	3.12928971
0.53456767	3.07379189
0.53823748	3.02317301
0.54068401	2.96645546
0.54374218	2.92071550
0.54007238	2.86704728
0.53946074	2.80789027
0.54068401	2.75574672
0.54374218	2.70634756
0.54313054	2.65572868
0.54680034	2.60663445
0.54557708	2.55479584
0.53946074	2.49655362
0.54680034	2.45020380
0.54557708	2.39440105
0.54313054	2.34103776
0.54741198	2.27273276
0.54313054	2.21540535
0.55291668	2.16448153
0.54741198	2.10562945
0.54741198	2.05531549
0.54741198	2.00500154
0.54618871	1.95865171
0.54374218	1.90162923
0.55475158	1.84918075
0.54680034	1.79612240
0.55047015	1.74428378
0.55169341	1.69366489
0.54741198	1.64060654
0.55475158	1.58937778
0.54802361	1.53692930
0.55475158	1.48356601
0.54985851	1.43111753
0.55719811	1.38568250
0.55291668	1.33018469
0.55291668	1.27895593
0.55475158	1.23230118
0.55169341	1.15332352
0.56025628	1.10483916
0.56453772	1.05056108
0.56453772	0.99414846
0.55413995	0.94749370
0.56209118	0.88803176
0.56147955	0.84015727
0.55658648	0.79197785
0.56086791	0.73708990
0.56025628	0.69013021
0.56514935	0.63981625
0.56270282	0.57882964
0.55780975	0.53217488
0.56698425	0.48155600
0.55780975	0.44008510
0.56331445	0.37086530
0.55903301	0.32634507
0.56514935	0.26901766
0.56270282	0.21809384
0.56943078	0.16838975
0.56331445	0.11868566
0.56514935	0.04672146
0.56270282	0.01165416
0.56881915	0.00372590
0.56514935	0.00128644
0.56331445	0.00250617
0.56881915	0.00128644
0.56453772	-0.25302773
0.56392608	-0.31431928
0.57310058	-0.36829243
0.57065405	-0.42074091
0.56820752	-0.47623873
0.57004242	-0.52777241
0.56943078	-0.58448996
0.56820752	-0.63846311
0.56943078	-0.68084881
0.56698425	-0.73726142
0.56943078	-0.79214937
0.57065405	-0.83636466
0.56881915	-0.89704634
0.57677039	-0.94492083
0.57004242	-0.99492985
0.57371222	-1.07451738
0.56881915	-1.12696587
0.57310058	-1.17788969
0.57493549	-1.22667897
0.57065405	-1.28675079
0.57738202	-1.33096608
0.57615875	-1.38493923
0.57126568	-1.44287651
0.57310058	-1.49380033
0.57554712	-1.54228469
0.57799365	-1.59076904
0.57432385	-1.64016820
0.57677039	-1.70206961
0.57799365	-1.74933423
0.57615875	-1.80635671
0.58288672	-1.85636573
0.57554712	-1.91155861
0.58044019	-1.95882324
0.57738202	-2.01249146
0.57738202	-2.06768434
0.57860529	-2.11647363
0.58349835	-2.19270689
0.57615875	-2.24759484
0.58227509	-2.29790879
0.57799365	-2.34669808
0.58166345	-2.40311070
0.57493549	-2.45494932
0.57860529	-2.50434847
0.57554712	-2.56472522
0.58410999	-2.61534410
0.57982855	-2.66565806
0.58839142	-2.71414241
0.58166345	-2.77207969
0.58105182	-2.82056405
0.58349835	-2.87911120
0.58410999	-2.92729062
0.58044019	-2.97668977
0.58594489	-3.02791853
0.58472162	-3.08280648
0.59144959	-3.13921909
0.58655652	-3.19197251
0.58655652	-3.23862727
0.58288672	-3.31912959
0.59083796	-3.37523728
0.58410999	-3.43347949
0.58472162	-3.47068132
0.58777979	-3.52739887
0.59206122	-3.58015229
0.59206122	-3.63473531
0.58777979	-3.68931832
0.59022632	-3.74146188
0.59450776	-3.79604489
0.59083796	-3.84300458
0.59267286	-3.89819747
0.59267286	-3.95369528
0.59389612	-4.00248457
0.58839142	-4.05401826
0.59328449	-4.11591967
0.59267286	-4.16989282
0.59144959	-4.21807224
0.59083796	-4.27448485
0.59328449	-4.32144454
0.59328449	-4.37602756
0.59756592	-4.45866442
0.59511939	-4.50562411
0.59083796	-4.56630579
0.59695429	-4.61631481
0.59328449	-4.66998303
0.59389612	-4.72395618
0.59450776	-4.77335533
0.59450776	-4.82458408
0.59450776	-4.88282630
0.59450776	-4.92765146
0.59940082	-4.98680847
0.59573102	-5.03895202
0.59695429	-5.09079064
0.59328449	-5.14598352
0.60123573	-5.19812708
0.59634266	-5.25331996
0.60184736	-5.30729311
0.60674043	-5.35333800
0.59267286	-5.40975062
0.59634266	-5.45549057
0.59878919	-5.51586732
0.60245899	-5.58722165
0.59940082	-5.64759840
0.59634266	-5.69547289
0.60123573	-5.74944604
0.60123573	-5.80341919
0.59634266	-5.85678247
0.59878919	-5.90923096
0.60001246	-5.95802025
0.60062409	-6.01290820
0.60245899	-6.06596655
0.60368226	-6.11902490
0.59817756	-6.17208325
0.60429389	-6.21873801
0.60307063	-6.27271116
0.60245899	-6.33034351
0.60674043	-6.38126733
0.60368226	-6.43341088
0.60123573	-6.48768896
0.60245899	-6.53952758
0.61041023	-6.58770701
0.60551716	-6.63924069
0.60551716	-6.72431701
0.59878919	-6.77829017
0.60612879	-6.82433506
0.60857533	-6.87556381
0.60551716	-6.92404817
0.60245899	-6.97924105
0.60857533	-7.03687340
0.60796369	-7.08871201
0.61224513	-7.14390490
0.60796369	-7.19452378
0.60551716	-7.25032653
0.61224513	-7.30277502
0.61224513	-7.35735804
0.60918696	-7.40980652
0.60735206	-7.45676621
0.60674043	-7.51653309
0.61285676	-7.56379771
0.61041023	-7.62051526
0.61591493	-7.67631801
0.61285676	-7.72693690
0.61346840	-7.77725085
0.61346840	-7.85500878
0.61774983	-7.90928686
0.61285676	-7.96600441
0.62019636	-8.02272196
0.61346840	-8.07212112
0.61958473	-8.12548440
0.61530330	-8.18250688
